color_cx: 313.90618896484375
color_cy: 246.54579162597656
color_fx: 616.7605590820312
color_fy: 617.09521484375

depth_cx: 316.8928527832031
depth_cy: 242.30789184570312
depth_fx: 379.6465148925781
depth_fy: 379.6465148925781

# camera lidar extrinsics
Rcl: [1, 0, 0, 0, 1, 0, 0, 0, 1]
tcl: [0, 0, 0]